20.0 21.076523542404175
100.0 21.3236722946167
10.0 17.997135639190674
10.0 18.365412712097168
10.0 16.059906482696533
20.0 24.6801917552948
20.0 21.349618434906006
30.0 26.16482639312744
30.0 26.32595467567444
30.0 21.488497257232666
40.0 21.448983669281006
40.0 26.035996913909912
80.0 21.14126992225647
30.0 21.287336587905884
35.0 21.086841344833374
15.0 20.917319774627686
10.0 20.202259063720703
20.0 20.815224170684814
10.0 56.031317472457886
15.0 31.424044132232666
20.0 59.01838731765747
20.0 18.937678575515747
20.0 18.619537830352783
20.0 31.041913747787476
20.0 20.880554676055908
15.0 18.309921979904175
15.0 25.2715802192688
10.0 16.46507453918457
15.0 22.122570991516113
15.0 21.472017288208008
15.0 26.67916750907898
15.0 21.656886100769043
15.0 26.218788385391235
20.0 26.04591155052185
12.0 21.452354192733765
10.0 23.56614589691162
10.0 18.743784427642822
10.0 18.957007884979248
10.0 18.18099355697632
10.0 18.27301836013794
10.0 18.14367914199829
10.0 18.048367977142334
10.0 26.07051157951355
10.0 25.973767280578613
10.0 25.970012426376343
10.0 25.80171799659729
10.0 25.81661057472229
10.0 25.897079706192017
10.0 22.607853412628174
10.0 27.80916976928711
10.0 22.628382921218872
10.0 22.644096851348877
10.0 25.786710739135742
10.0 22.609742164611816
10.0 25.783351182937622
10.0 25.836189031600952
10.0 19.76257300376892
10.0 19.817285537719727
10.0 20.19635510444641
10.0 19.9774751663208
10.0 20.0808846950531
10.0 22.7568097114563
10.0 25.812965869903564
10.0 22.681340217590332
10.0 22.622062921524048
10.0 25.842226266860962
60.0 29.649967908859253
100.0 36.394474267959595
140.0 43.09365630149841
