58.634089
29.965083
29.984564
28.582409
30.028076
36.107670
25.066695
24.988320
25.460633
25.658014
26.308509
37.568391
45.042524
24.380090
27.171228
26.727416
26.878889
32.574536
35.558067
32.804920
25.111280
28.565942
28.846962
26.097115
25.651945
25.873738
25.960713
27.005057
28.977276
29.061692
29.258318
30.130964
23.643635
24.437203
28.290908
27.746742
28.558142
27.568407
24.104102
28.242446
28.869550
27.715518
27.701147
27.037877
27.182292
35.394043
27.664025
26.328521
25.340383
24.796864
27.800789
25.594465
26.995874
53.433931
47.461637
34.158529
35.286140
25.113459
23.446016
24.378397
23.027426
28.103872
36.040451
31.659338
27.208641
22.242719
22.840077
27.624793
23.534048
23.958066
23.511308
23.133311
22.308696
23.831413
23.342022
24.457549
22.962793
27.533219
25.412425
24.622185
23.513823
26.078719
21.412940
