51.63
43.57
123.29
125.87
126.37
58.97
118.99
119.61
63.26
63.18
63.80
61.29
64.14
62.78
63.21
62.33
62.85
63.96
62.09
64.38
60.97
62.21
63.19
60.94
64.00
63.16
63.80
63.78
65.12
65.82
62.54
63.39
63.07
62.71
63.48
62.26
63.65
62.43
62.64
63.26
63.57
64.47
64.09
62.73
62.34
64.85
63.93
63.19
65.60
63.74
64.35
64.09
65.27
63.72
62.73
64.26
65.54
49.82
37.81
29.22
24.60
62.23
59.59
60.11
61.28
56.71
54.66
34.66
135.66
132.76
50.77
119.75
122.26
63.73
63.87
63.03
62.61
60.52
63.45
61.49
62.67
60.11
64.04
63.95
64.55
62.67
62.38
64.61
64.96
63.05
61.83
62.64
62.40
60.02
60.65
61.76
62.95
63.58
65.23
65.50
62.39
63.04
60.84
63.97
62.91
61.37
64.45
60.64
59.33
60.07
62.89
62.95
63.30
64.76
63.79
61.67
64.56
67.03
64.41
64.03
65.50
65.48
63.58
27.59
27.11
26.91
36.42
65.79
61.87
62.71
31.22
45.43
150.23
148.48
40.80
135.91
122.92
62.77
60.17
61.06
65.25
62.33
60.44
61.49
64.93
59.63
63.46
63.96
64.07
64.69
65.06
60.80
60.64
58.43
59.89
62.55
63.17
66.03
63.92
60.94
65.10
64.38
64.28
59.70
58.26
61.34
61.15
67.19
62.69
60.88
60.86
63.42
63.99
59.58
65.76
62.29
64.47
63.37
64.19
62.00
63.71
65.30
64.98
66.21
65.42
65.73
66.67
32.69
25.26
24.34
71.87
67.31
73.03
30.35
38.47
168.16
111.10
140.19
149.73
59.30
70.37
66.67
67.02
64.60
69.99
69.21
68.14
65.61
69.24
63.72
70.40
64.56
65.79
64.63
66.27
66.49
60.68
69.77
69.02
69.35
66.89
67.38
67.10
67.67
69.25
68.50
66.93
69.64
62.60
59.33
63.57
65.97
66.17
73.09
66.19
65.35
69.71
60.84
68.98
61.98
63.91
67.79
71.79
61.79
74.82
68.34
70.03
62.50
67.15
51.61
32.84
26.17
24.96
111.29
106.17
51.75
64.27
186.19
184.05
29.72
181.95
161.82
101.38
95.68
96.62
94.12
87.47
91.87
100.93
97.39
92.30
87.28
95.10
96.67
89.19
97.37
89.04
98.08
91.17
88.64
103.90
89.76
93.69
94.30
89.84
95.82
95.41
95.40
98.05
97.26
93.02
101.25
101.26
91.17
93.61
93.34
83.15
98.14
91.53
92.08
85.43
100.07
94.34
91.41
98.47
94.46
94.81
100.41
99.63
97.50
100.26
98.59
29.01
27.65
27.15
79.56
109.45
89.73
80.30
191.57
208.64
60.61
134.84
102.68
89.84
93.18
94.11
101.45
98.71
89.49
88.46
98.01
94.83
92.75
93.25
94.30
106.98
88.96
87.23
100.06
98.97
86.57
97.64
93.23
99.61
103.70
96.27
93.73
100.72
91.91
95.88
98.85
102.46
96.03
100.81
98.92
104.81
103.56
86.52
95.50
104.88
93.19
102.95
82.71
97.22
100.59
99.27
101.04
107.47
104.76
114.58
100.62
101.86
100.27
31.59
28.06
28.75
28.76
26.30
26.48
26.42
27.44
27.31
25.73
25.26
25.83
27.23
26.34
25.88
25.12
25.44
26.67
24.45
23.76
23.31
23.45
25.44
25.07
23.10
23.83
23.85
25.75
25.06
24.17
22.93
22.85
22.83
24.56
24.28
22.83
22.31
23.62
24.40
23.56
22.17
22.16
22.85
23.53
23.57
22.12
22.28
22.43
23.66
24.04
22.87
22.08
22.46
23.69
23.04
22.82
22.14
22.33
24.31
24.02
22.68
22.94
22.88
23.96
23.56
22.52
23.64
22.59
24.99
25.11
22.09
22.38
22.29
22.92
23.80
23.70
23.11
35.42
23.46
24.63
24.08
24.48
22.39
22.85
23.94
23.51
22.55
22.84
22.75
24.99
23.94
23.40
22.99
22.61
24.73
23.84
22.54
22.35
22.87
24.54
24.52
22.79
22.29
22.57
25.16
23.86
22.66
23.06
22.99
24.53
25.20
23.54
22.57
23.34
24.92
23.86
23.67
22.93
22.69
22.99
23.66
23.28
22.35
22.36
23.57
24.15
23.42
22.33
22.68
23.25
24.39
23.82
22.97
22.41
23.95
24.05
23.66
22.42
22.37
22.92
25.24
24.59
23.48
23.36
23.23
24.95
23.71
21.96
22.34
23.11
24.85
23.38
22.82
22.47
22.75
24.52
23.94
22.51
22.62
22.41
24.10
24.52
23.55
22.06
21.66
23.49
24.01
23.67
22.12
22.13
22.92
24.39
23.73
22.19
22.59
22.63
24.42
23.03
22.52
22.02
22.41
23.94
23.19
22.70
22.42
23.12
24.38
23.77
22.48
22.69
23.74
25.07
24.12
22.52
22.44
23.30
24.16
23.44
22.34
22.69
22.91
24.23
24.53
22.78
24.42
22.84
24.46
24.22
23.86
22.53
23.47
23.14
24.03
23.75
23.18
22.75
23.63
25.23
24.07
22.85
22.90
23.09
24.70
24.09
23.05
22.46
23.01
25.07
22.98
22.44
22.41
23.61
25.03
23.96
22.83
22.61
23.15
24.24
23.70
23.02
23.20
23.50
24.53
23.80
22.61
23.23
23.79
24.34
24.26
22.90
24.50
22.95
24.85
24.84
23.56
23.14
22.54
22.83
24.10
23.74
22.57
22.58
22.58
23.71
23.28
22.82
22.14
22.75
24.74
23.42
22.28
22.14
22.73
24.34
23.56
22.73
22.45
23.30
23.86
23.48
22.77
22.38
23.01
25.04
23.23
22.26
