10.105505
9.959860
9.950801
9.954386
9.894319
10.051675
10.016916
9.942307
9.956089
10.035256
9.919422
9.937643
9.947897
10.028731
10.051559
10.008171
10.017118
9.940291
9.957066
9.982582
9.957813
10.079239
10.012142
9.867741
10.041796
10.067642
9.837313
9.918745
10.092135
9.868820
9.927335
9.954958
9.992589
9.932289
9.956974
10.020916
9.925326
9.961309
10.029906
10.038480
9.939510
9.930804
9.932756
9.920246
9.932288
9.952787
9.927830
9.942566
9.928850
9.940121
9.937286
10.040855
9.950238
9.927768
9.930280
9.962365
10.035171
10.028009
9.952245
9.933011
10.042841
10.012976
9.833665
9.938519
9.951325
10.028348
9.939550
9.977950
