80.344637
101.860359
92.287265
105.532772
103.568608
115.742424
95.975453
65.796423
75.031565
78.089885
107.855186
114.822532
102.095613
106.932775
78.349018
107.974965
89.135802
119.422889
109.310384
57.965162
97.155306
86.976543
79.130450
78.588546
99.259009
73.663099
101.627001
81.850713
102.344318
103.869753
90.305613
100.878278
108.348117
103.151394
77.662170
108.352775
90.579456
104.350763
122.395960
101.154971
99.352831
92.949979
104.500324
97.670765
132.277249
103.329055
110.874039
74.399557
94.253718
119.721775
105.704336
64.016834
100.185563
60.483458
112.623714
65.016451
103.678666
107.961209
105.542991
109.160202
96.782300
113.358752
103.886802
117.213027
118.743404
70.563962
106.243541
88.786104
108.146709
61.974402
94.052017
102.405607
90.933904
118.328148
81.917658
92.696006
109.975311
100.571466
72.039198
107.940422
99.022698
110.663085
81.267694
109.900068
115.763052
93.703249
80.844054
95.008675
101.666559
123.120826
100.305427
104.358943
106.745579
74.438420
116.856799
75.860671
53.027951
31.901792
47.585246
36.897121
