34.98
35.79
40.97
35.91
34.65
10.20
26.51
28.15
7.56
51.70
49.41
49.28
49.09
49.03
48.77
49.02
26.12
9.21
50.45
47.84
47.61
47.56
48.00
43.80
36.46
39.13
40.00
37.55
38.59
38.66
35.97
35.82
38.00
40.95
35.76
38.07
35.86
39.24
37.91
36.70
38.57
38.78
37.82
38.62
39.27
36.67
36.11
37.53
37.62
36.78
38.76
39.37
38.95
37.75
39.25
39.46
39.07
39.33
35.41
35.80
39.94
39.15
36.19
38.56
36.59
38.70
37.97
38.51
39.21
37.81
36.93
37.37
38.58
37.97
39.07
37.71
36.22
38.54
36.50
37.07
36.65
37.29
39.76
38.73
38.58
40.11
39.35
37.74
35.98
37.13
36.88
36.77
32.88
36.59
38.11
36.91
38.93
38.28
37.83
37.64
37.62
41.23
37.54
38.07
36.39
37.51
33.35
8.96
9.90
5.85
7.63
4.08
4.64
3.86
5.09
4.69
4.02
3.83
3.74
3.62
3.87
4.24
4.10
