0.0
0.0
0.0
0.0
0.0
0.0
0.0
0.0
0.0
400.0
280.0
180.0
180.0
228.6
345.0
220.0
175.0
170.0
120.0
215.0
270.0
145.0
266.7
165.0
175.0
270.0
180.0
225.0
215.0
200.0
195.0
190.0
205.0
255.0
25.0
176.2
320.0
340.0
400.0
290.0
310.0
233.3
190.0
310.0
145.0
215.0
285.0
280.0
195.0
265.0
165.0
305.0
115.0
245.0
305.0
280.0
220.0
215.0
190.0
365.0
300.0
310.0
255.0
215.0
290.0
270.0
238.1
260.0
175.0
275.0
225.0
105.0
290.5
360.0
95.0
140.0
295.0
110.0
347.6
210.0
320.0
165.0
210.0
245.0
247.6
155.0
160.0
300.0
245.0
275.0
165.0
335.0
185.0
295.0
160.0
0.0
0.0
0.0
0.0
0.0
0.0
0.0
0.0
0.0
0.0
0.0
5.0
0.0
0.0
0.0
0.0
0.0
0.0
0.0
0.0
10.0
295.0
160.0
200.0
200.0
325.0
330.0
325.0
147.6
410.0
395.0
150.0
310.0
220.0
304.8
280.0
110.0
275.0
335.0
355.0
200.0
350.0
215.0
330.0
130.0
230.0
185.0
160.0
285.0
170.0
160.0
255.0
320.0
450.0
265.0
225.0
130.0
160.0
205.0
125.0
360.0
90.0
285.0
295.0
160.0
115.0
210.0
300.0
180.0
333.3
120.0
190.0
110.0
210.0
105.0
275.0
160.0
385.0
320.0
120.0
75.0
255.0
170.0
200.0
285.0
200.0
185.0
120.0
265.0
245.0
275.0
250.0
345.0
310.0
305.0
165.0
90.0
165.0
204.8
330.0
80.0
180.0
110.0
425.0
180.0
190.0
130.0
145.0
0.0
0.0
0.0
0.0
0.0
0.0
0.0
0.0
0.0
0.0
0.0
0.0
0.0
0.0
0.0
20.0
61.9
180.0
225.0
30.0
250.0
395.0
205.0
170.0
395.0
215.0
370.0
185.0
245.0
215.0
120.0
275.0
180.0
230.0
170.0
235.0
210.0
245.0
355.0
470.0
155.0
190.0
165.0
215.0
230.0
210.0
220.0
200.0
255.0
190.0
145.0
225.0
61.9
200.0
235.0
235.0
130.0
180.0
235.0
280.0
240.0
245.0
315.0
161.9
230.0
305.0
330.0
95.0
240.0
252.4
320.0
180.0
150.0
210.0
125.0
285.7
130.0
70.0
365.0
105.0
255.0
219.0
215.0
290.0
205.0
325.0
405.0
233.3
215.0
150.0
175.0
145.0
180.0
320.0
185.0
475.0
225.0
120.0
190.0
195.0
352.4
245.0
130.0
0.0
0.0
0.0
0.0
0.0
0.0
0.0
0.0
0.0
0.0
0.0
0.0
0.0
0.0
20.0
0.0
195.0
345.0
155.0
125.0
235.0
100.0
425.0
130.0
415.0
10.0
0.0
0.0
0.0
0.0
0.0
0.0
0.0
0.0
0.0
0.0
0.0
0.0
0.0
0.0
0.0
0.0
0.0
0.0
0.0
0.0
0.0
0.0
0.0
0.0
0.0
0.0
0.0
0.0
0.0
0.0
0.0
0.0
0.0
0.0
215.0
215.0
240.0
380.0
260.0
380.0
275.0
195.0
220.0
170.0
335.0
300.0
455.0
290.5
220.0
190.0
255.0
200.0
185.0
75.0
300.0
215.0
255.0
215.0
260.0
290.0
215.0
275.0
330.0
250.0
130.0
100.0
110.0
210.0
175.0
304.8
60.0
255.0
120.0
205.0
260.0
355.0
190.0
0.0
5.0
0.0
0.0
0.0
0.0
0.0
0.0
0.0
0.0
0.0
0.0
0.0
0.0
0.0
0.0
65.0
135.0
445.0
305.0
115.0
245.0
290.0
270.0
265.0
165.0
210.0
75.0
228.6
195.0
400.0
405.0
135.0
220.0
200.0
150.0
180.0
355.0
165.0
290.0
265.0
255.0
290.0
240.0
370.0
315.0
325.0
240.0
395.0
160.0
320.0
290.0
275.0
250.0
215.0
320.0
185.0
180.0
245.0
155.0
375.0
250.0
180.0
165.0
190.5
300.0
110.0
60.0
175.0
195.0
265.0
280.0
195.0
160.0
230.0
205.0
223.8
280.0
120.0
135.0
250.0
255.0
215.0
240.0
85.0
295.0
290.0
125.0
128.6
125.0
185.0
170.0
110.0
55.0
209.5
310.0
115.0
295.0
240.0
300.0
255.0
280.0
190.0
0.0
0.0
0.0
0.0
0.0
0.0
0.0
0.0
0.0
0.0
0.0
0.0
0.0
0.0
0.0
0.0
0.0
0.0
295.0
265.0
395.0
95.0
281.0
190.0
215.0
195.0
285.0
225.0
23.8
165.0
140.0
210.0
300.0
210.0
185.7
205.0
285.0
235.0
225.0
320.0
119.0
155.0
375.0
160.0
235.0
160.0
155.0
190.0
305.0
170.0
375.0
195.0
335.0
250.0
150.0
180.0
325.0
109.5
380.0
260.0
215.0
120.0
160.0
280.0
242.9
180.0
100.0
270.0
295.0
90.0
133.3
280.0
285.0
340.0
140.0
330.0
76.2
195.0
220.0
130.0
95.0
160.0
385.7
230.0
155.0
195.0
350.0
230.0
380.0
205.0
240.0
155.0
245.0
295.0
160.0
200.0
180.0
415.0
260.0
265.0
190.0
195.0
255.0
475.0
350.0
0.0
0.0
5.0
0.0
0.0
0.0
0.0
0.0
0.0
0.0
0.0
0.0
0.0
0.0
0.0
0.0
0.0
0.0
0.0
55.0
0.0
75.0
240.0
185.0
220.0
230.0
340.0
190.0
135.0
135.0
125.0
280.0
125.0
210.0
195.0
125.0
90.0
180.0
305.0
325.0
335.0
265.0
319.0
170.0
265.0
100.0
230.0
230.0
271.4
150.0
225.0
250.0
345.0
240.0
145.0
233.3
165.0
295.0
305.0
325.0
145.0
250.0
195.0
430.0
160.0
175.0
145.0
200.0
165.0
147.6
185.0
105.0
180.0
125.0
275.0
315.0
340.0
350.0
345.0
135.0
290.0
115.0
200.0
160.0
110.0
85.0
285.0
105.0
240.0
200.0
180.0
335.0
275.0
340.0
195.0
170.0
133.3
147.6
235.0
170.0
400.0
130.0
255.0
145.0
90.5
100.0
110.0
265.0
0.0
0.0
0.0
0.0
0.0
0.0
0.0
0.0
0.0
0.0
0.0
0.0
0.0
0.0
0.0
5.0
5.0
5.0
80.0
185.0
300.0
175.0
270.0
140.0
257.1
320.0
110.0
270.0
260.0
185.0
125.0
200.0
200.0
115.0
242.9
95.0
80.0
290.0
320.0
230.0
100.0
285.0
180.0
240.0
181.0
120.0
205.0
105.0
235.0
300.0
190.0
115.0
242.9
335.0
210.0
125.0
525.0
80.0
300.0
165.0
95.0
104.8
195.0
255.0
315.0
335.0
285.0
115.0
210.0
260.0
195.0
95.0
145.0
440.0
220.0
200.0
250.0
195.0
280.0
150.0
76.2
160.0
215.0
580.0
395.0
280.0
200.0
175.0
235.0
365.0
265.0
140.0
155.0
133.3
190.0
230.0
250.0
315.0
120.0
210.0
260.0
150.0
210.0
90.0
0.0
0.0
0.0
0.0
0.0
0.0
0.0
0.0
0.0
0.0
0.0
0.0
0.0
0.0
0.0
0.0
0.0
0.0
0.0
10.0
25.0
345.0
150.0
185.0
200.0
170.0
210.0
255.0
150.0
280.0
233.3
340.0
430.0
225.0
100.0
235.0
200.0
365.0
245.0
135.0
165.0
255.0
370.0
335.0
190.0
165.0
375.0
75.0
305.0
195.0
242.9
240.0
255.0
235.0
155.0
210.0
219.0
145.0
150.0
245.0
470.0
165.0
195.0
230.0
180.0
120.0
150.0
200.0
75.0
225.0
135.0
320.0
240.0
220.0
320.0
200.0
395.0
350.0
190.0
130.0
161.9
335.0
250.0
135.0
170.0
125.0
433.3
110.0
160.0
305.0
245.0
135.0
155.0
160.0
310.0
290.0
285.0
290.0
265.0
247.6
390.0
160.0
195.0
275.0
70.0
19.0
360.0
175.0
0.0
0.0
5.0
0.0
0.0
0.0
0.0
0.0
0.0
0.0
0.0
0.0
0.0
0.0
0.0
0.0
5.0
30.0
90.0
175.0
210.0
200.0
350.0
260.0
190.0
155.0
340.0
76.2
25.0
335.0
205.0
265.0
195.0
195.0
265.0
185.0
205.0
225.0
160.0
190.5
225.0
125.0
330.0
140.0
165.0
195.0
204.8
365.0
165.0
75.0
140.0
220.0
515.0
80.0
415.0
250.0
140.0
145.0
200.0
125.0
230.0
150.0
370.0
125.0
175.0
310.0
240.0
120.0
330.0
195.0
135.0
320.0
310.0
215.0
170.0
150.0
20.0
205.0
180.0
205.0
135.0
270.0
300.0
165.0
155.0
320.0
255.0
135.0
275.0
52.4
250.0
215.0
115.0
215.0
265.0
233.3
120.0
105.0
195.0
285.0
230.0
195.0
190.0
120.0
255.0
0.0
10.0
0.0
0.0
0.0
0.0
0.0
0.0
0.0
0.0
0.0
0.0
0.0
0.0
0.0
0.0
30.0
0.0
65.0
285.0
260.0
185.0
85.0
185.0
45.0
80.0
265.0
310.0
140.0
285.0
140.0
250.0
130.0
330.0
305.0
205.0
240.0
275.0
225.0
310.0
230.0
290.0
290.0
275.0
170.0
155.0
310.0
190.0
235.0
145.0
385.0
230.0
310.0
165.0
260.0
140.0
100.0
530.0
130.0
275.0
150.0
340.0
215.0
215.0
205.0
195.0
145.0
395.0
325.0
280.0
270.0
255.0
225.0
200.0
365.0
185.7
195.0
260.0
145.0
335.0
185.0
225.0
250.0
180.0
300.0
245.0
35.0
280.0
157.1
215.0
230.0
355.0
260.0
120.0
123.8
175.0
195.0
260.0
230.0
265.0
190.0
350.0
300.0
240.0
0.0
0.0
0.0
0.0
0.0
0.0
0.0
0.0
5.0
0.0
0.0
0.0
0.0
0.0
0.0
0.0
0.0
0.0
0.0
0.0
0.0
950.0
100.0
350.0
270.0
145.0
220.0
135.0
105.0
170.0
157.1
230.0
185.0
115.0
275.0
260.0
170.0
155.0
50.0
145.0
180.0
375.0
310.0
115.0
365.0
80.0
235.0
360.0
160.0
165.0
390.0
130.0
25.0
110.0
335.0
290.0
80.0
350.0
230.0
310.0
265.0
190.5
105.0
265.0
215.0
215.0
115.0
160.0
235.0
165.0
195.0
485.0
180.0
295.2
230.0
415.0
195.0
180.0
130.0
185.0
320.0
280.0
360.0
240.0
245.0
360.0
152.4
285.0
180.0
345.0
70.0
210.0
185.7
270.0
390.0
40.0
230.0
210.0
180.0
123.8
185.0
425.0
195.0
140.0
235.0
104.8
100.0
0.0
0.0
0.0
0.0
0.0
0.0
0.0
0.0
0.0
0.0
0.0
0.0
